0 654.84
0.0666667 653.23
0.133333 654.84
0.2 658.06
0.283333 656.45
0.35 658.06
0.416667 653.23
0.483333 656.45
0.566667 656.45
0.633333 658.06
0.7 654.84
0.783333 656.45
0.85 654.84
0.916667 656.45
0.983333 659.68
1.06667 656.45
1.13333 658.06
1.2 658.06
1.28333 656.45
1.35 658.06
1.41667 658.06
1.5 658.06
1.56667 658.06
1.63333 658.06
1.7 659.68
1.78333 658.06
1.85 659.68
1.91667 659.68
2 659.68
2.06667 661.29
2.13333 659.68
2.21667 659.68
2.28333 661.29
2.35 661.29
2.43333 661.29
2.5 662.9
2.56667 661.29
2.63333 664.52
2.71667 661.29
2.78333 662.9
2.85 661.29
2.93333 661.29
3 658.06
3.06667 662.9
3.15 664.52
3.21667 664.52
3.28333 664.52
3.35 666.13
3.43333 664.52
3.5 661.29
3.56667 664.52
3.63333 666.13
3.71667 666.13
3.78333 666.13
3.85 666.13
3.93333 666.13
4 664.52
4.06667 667.74
4.15 667.74
4.21667 667.74
4.28333 666.13
4.35 666.13
4.43333 664.52
4.5 667.74
4.56667 666.13
4.65 667.74
4.71667 664.52
4.78333 664.52
4.85 667.74
4.93333 669.35
5 667.74
5.06667 669.35
5.15 669.35
5.21667 667.74
5.28333 669.35
5.36667 666.13
5.43333 667.74
5.5 669.35
5.58333 669.35
5.65 670.97
5.71667 670.97
15 696.77
15.0667 696.77
15.1333 695.16
15.2167 696.77
15.2833 696.77
15.35 693.55
15.4333 695.16
15.5 696.77
15.5667 696.77
15.6333 696.77
15.7167 696.77
15.7833 696.77
15.85 696.77
15.9333 698.39
16 698.39
16.0667 700
16.1333 700
16.2167 696.77
16.2833 698.39
16.35 698.39
16.4333 701.61
16.5 698.39
16.5667 700
16.65 700
16.7167 700
16.7833 703.23
16.85 700
16.9333 701.61
17 701.61
17.0667 701.61
17.15 703.23
17.2167 701.61
17.2833 701.61
17.35 701.61
17.4333 703.23
17.5 703.23
17.5667 703.23
17.65 703.23
17.7167 704.84
17.7833 703.23
17.85 703.23
17.9333 704.84
18 704.84
18.0667 704.84
18.1333 704.84
18.2167 704.84
18.2833 704.84
18.35 704.84
18.4333 706.45
18.5 704.84
18.5667 703.23
18.65 706.45
18.7167 708.06
18.7833 704.84
18.85 709.68
18.9333 706.45
19 706.45
19.0667 708.06
19.1333 706.45
19.2167 708.06
19.2833 706.45
19.35 706.45
19.4333 704.84
19.5 708.06
19.5667 709.68
19.6333 704.84
19.7167 708.06
19.7833 708.06
19.85 709.68
19.9167 711.29
20 709.68
20.0667 711.29
20.1333 711.29
20.2 709.68
20.2833 711.29
20.35 712.9
20.4167 712.9
20.5 712.9
20.5667 711.29
20.6333 711.29
20.7167 711.29
30 735.48
30.05 735.48
30.1167 737.1
30.1833 737.1
30.2667 737.1
30.3333 737.1
30.4 738.71
30.4667 737.1
30.55 737.1
30.6167 737.1
30.6833 740.32
30.7667 738.71
30.8333 738.71
30.9 740.32
30.9667 737.1
31.05 737.1
31.1167 738.71
31.1833 740.32
31.25 737.1
31.3333 741.94
31.4 741.94
31.4667 740.32
31.55 741.94
31.6167 743.55
31.6833 740.32
31.75 740.32
31.8333 740.32
31.9 741.94
31.9667 743.55
32.05 740.32
32.1167 741.94
32.1833 743.55
32.25 741.94
32.3333 741.94
32.4 741.94
32.4667 741.94
32.55 743.55
32.6167 741.94
32.6833 743.55
32.7667 741.94
32.8333 745.16
32.9 745.16
32.9667 745.16
33.0333 745.16
33.1167 743.55
33.1833 743.55
33.25 746.77
33.3333 743.55
33.4 743.55
33.4667 743.55
33.55 748.39
33.6167 743.55
33.6833 745.16
33.75 741.94
33.8333 745.16
33.9 746.77
33.9667 746.77
34.05 748.39
34.1167 748.39
34.1833 743.55
34.25 741.94
34.3333 745.16
34.4 743.55
34.4667 746.77
34.55 751.61
34.6167 748.39
34.6833 746.77
34.75 748.39
34.8333 748.39
34.9 748.39
34.9667 745.16
35.05 748.39
35.1167 750
35.1833 746.77
35.25 751.61
35.3333 751.61
35.4 751.61
35.4667 750
35.5333 751.61
35.6167 751.61
35.6833 751.61
45 774.19
45.05 777.42
45.1167 774.19
45.1833 774.19
45.2667 772.58
45.3333 774.19
45.4 774.19
45.4833 775.81
45.55 775.81
45.6167 774.19
45.6833 775.81
45.7667 777.42
45.8333 775.81
45.9 775.81
45.9833 777.42
46.05 777.42
46.1167 777.42
46.2 777.42
46.2667 775.81
46.3333 777.42
46.4167 777.42
46.4833 777.42
46.55 777.42
46.6167 777.42
46.7 777.42
46.7667 779.03
46.8333 777.42
46.9 779.03
46.9833 779.03
47.05 779.03
47.1167 779.03
47.2 779.03
47.2667 779.03
47.3333 780.65
47.4 779.03
47.4833 779.03
47.55 779.03
47.6167 779.03
47.7 780.65
47.7667 780.65
47.8333 779.03
47.9 780.65
47.9833 779.03
48.05 779.03
48.1167 780.65
48.2 780.65
48.2667 780.65
48.3333 782.26
48.4167 779.03
48.4833 780.65
48.55 780.65
48.6167 782.26
48.7 780.65
48.7667 780.65
48.8333 783.87
48.9167 783.87
48.9833 783.87
49.05 783.87
49.1167 782.26
49.2 780.65
49.2667 782.26
49.3333 782.26
49.4167 782.26
49.4833 783.87
49.55 785.48
49.6333 783.87
49.7 783.87
49.7667 783.87
49.8333 785.48
49.9167 782.26
49.9833 783.87
50.05 785.48
50.1333 783.87
50.2 785.48
50.2667 783.87
50.3333 783.87
50.4167 787.1
50.4833 785.48
50.55 783.87
50.6167 785.48
50.7 785.48
60 808.06
60.05 808.06
60.1167 804.84
60.1833 806.45
60.2667 808.06
60.3333 808.06
60.4 808.06
60.4667 808.06
60.55 811.29
60.6167 809.68
60.6833 809.68
60.7667 808.06
60.8333 809.68
60.9 812.9
60.9833 811.29
61.05 812.9
61.1167 808.06
61.1833 811.29
61.2667 811.29
61.3333 811.29
61.4 812.9
61.4833 811.29
61.55 811.29
61.6167 811.29
61.6833 812.9
61.7667 809.68
61.8333 812.9
61.9 811.29
61.9833 809.68
62.05 814.52
62.1167 811.29
62.2 814.52
62.2667 814.52
62.3333 809.68
62.4167 812.9
62.4833 814.52
62.55 812.9
62.6167 816.13
62.7 812.9
62.7667 814.52
62.8333 812.9
62.9167 812.9
62.9833 812.9
63.05 811.29
63.1333 814.52
63.2 817.74
63.2667 814.52
63.3333 814.52
63.4167 816.13
63.4833 816.13
63.55 812.9
63.6333 816.13
63.7 816.13
63.7667 816.13
63.8333 816.13
63.9167 817.74
63.9833 817.74
64.05 817.74
64.1333 817.74
64.2 816.13
64.2667 817.74
64.35 816.13
64.4167 819.35
64.4833 817.74
64.55 819.35
64.6333 817.74
64.7 819.35
64.7667 817.74
64.8333 820.97
64.9167 819.35
64.9833 820.97
65.05 819.35
65.1333 817.74
65.2 820.97
65.2667 822.58
65.3333 819.35
65.4167 819.35
65.4833 819.35
65.55 817.74
65.6333 822.58
65.7 820.97
75 841.94
75.05 845.16
75.1167 841.94
75.1833 841.94
75.2667 843.55
75.3333 843.55
75.4 845.16
75.4667 841.94
75.55 843.55
75.6167 841.94
75.6833 843.55
75.7667 845.16
75.8333 843.55
75.9 845.16
75.9667 845.16
76.05 843.55
76.1167 843.55
76.1833 845.16
76.2667 845.16
76.3333 843.55
76.4 845.16
76.4833 841.94
76.55 843.55
76.6167 846.77
76.6833 845.16
76.7667 845.16
76.8333 848.39
76.9 845.16
76.9667 845.16
77.05 848.39
77.1167 845.16
77.1833 846.77
77.2667 846.77
77.3333 845.16
77.4 846.77
77.4667 846.77
77.55 846.77
77.6167 845.16
77.6833 848.39
77.7667 846.77
77.8333 850
77.9 846.77
77.9833 848.39
78.05 846.77
78.1167 848.39
78.2 846.77
78.2667 848.39
78.3333 846.77
78.4 850
78.4833 848.39
78.55 848.39
78.6167 848.39
78.7 846.77
78.7667 851.61
78.8333 850
78.9 850
78.9833 851.61
79.05 851.61
79.1167 851.61
79.1833 850
79.2667 851.61
79.3333 851.61
79.4 850
79.4833 850
79.55 848.39
79.6167 851.61
79.7 851.61
79.7667 851.61
79.8333 851.61
79.9 851.61
79.9833 851.61
80.05 853.23
80.1167 851.61
80.2 848.39
80.2667 851.61
80.3333 853.23
80.4 851.61
80.4833 853.23
80.55 854.84
80.6167 858.06
80.7 851.61
90 872.58
90.05 874.19
90.1167 870.97
90.1833 877.42
90.2667 875.81
90.3333 880.65
90.4 874.19
90.4833 872.58
90.55 874.19
90.6167 874.19
90.6833 875.81
90.7667 879.03
90.8333 877.42
90.9 877.42
90.9833 877.42
91.05 875.81
91.1167 875.81
91.1833 875.81
91.2667 877.42
91.3333 875.81
91.4 877.42
91.4833 875.81
91.55 875.81
91.6167 877.42
91.7 879.03
91.7667 875.81
91.8333 875.81
91.9 875.81
91.9833 875.81
92.05 875.81
92.1167 877.42
92.1833 877.42
92.2667 875.81
92.3333 875.81
92.4 879.03
92.4833 877.42
92.55 879.03
92.6167 877.42
92.7 879.03
92.7667 880.65
92.8333 880.65
92.9 882.26
92.9833 879.03
93.05 879.03
93.1167 879.03
93.2 880.65
93.2667 880.65
93.3333 875.81
93.4 879.03
93.4833 879.03
93.55 880.65
93.6167 877.42
93.6833 879.03
93.7667 879.03
93.8333 880.65
93.9 882.26
93.9833 880.65
94.05 879.03
94.1167 879.03
94.2 882.26
94.2667 880.65
94.3333 882.26
94.4 882.26
94.4833 882.26
94.55 882.26
94.6167 882.26
94.6833 880.65
94.7667 885.48
94.8333 885.48
94.9 885.48
94.9833 882.26
95.05 883.87
95.1167 882.26
95.1833 880.65
95.2667 885.48
95.3333 883.87
95.4 883.87
95.4667 885.48
95.55 885.48
95.6167 883.87
95.6833 885.48
105 903.23
105.05 901.61
105.117 898.39
105.183 903.23
105.25 901.61
105.333 901.61
105.4 904.84
105.467 900
105.55 903.23
105.617 901.61
105.683 901.61
105.767 903.23
105.833 901.61
105.9 901.61
105.967 901.61
106.05 903.23
106.117 903.23
106.183 900
106.267 903.23
106.333 904.84
106.4 903.23
106.467 904.84
106.55 904.84
106.617 904.84
106.683 903.23
106.767 901.61
106.833 904.84
106.9 903.23
106.967 906.45
107.05 908.06
107.117 908.06
107.183 904.84
107.267 906.45
107.333 901.61
107.4 906.45
107.483 904.84
107.55 904.84
107.617 906.45
107.683 906.45
107.767 906.45
107.833 908.06
107.9 906.45
107.983 904.84
108.05 908.06
108.117 909.68
108.183 906.45
108.267 906.45
108.333 908.06
108.4 909.68
108.483 908.06
108.55 906.45
108.617 906.45
108.683 909.68
108.767 909.68
108.833 909.68
108.9 908.06
108.967 906.45
109.05 908.06
109.117 909.68
109.183 908.06
109.267 909.68
109.333 908.06
109.4 904.84
109.467 909.68
109.55 909.68
109.617 912.9
109.683 911.29
109.767 909.68
109.833 909.68
109.9 911.29
109.967 909.68
110.05 909.68
110.117 909.68
110.183 909.68
110.267 911.29
110.333 911.29
110.4 911.29
110.483 909.68
110.55 911.29
110.617 911.29
110.683 909.68
120 927.42
120.05 929.03
120.117 925.81
120.183 925.81
120.267 927.42
120.333 925.81
120.4 927.42
120.467 924.19
120.55 924.19
120.617 925.81
120.683 925.81
120.767 927.42
120.833 927.42
120.9 932.26
120.967 929.03
121.05 927.42
121.117 927.42
121.183 925.81
121.267 927.42
121.333 933.87
121.4 927.42
121.467 929.03
121.55 930.65
121.617 930.65
121.683 929.03
121.767 929.03
121.833 929.03
121.9 930.65
121.967 927.42
122.05 929.03
122.117 929.03
122.183 930.65
122.25 927.42
122.333 927.42
122.4 930.65
122.467 929.03
122.55 929.03
122.617 932.26
122.683 929.03
122.767 929.03
122.833 930.65
122.9 929.03
122.967 932.26
123.05 929.03
123.117 930.65
123.183 932.26
123.267 933.87
123.333 932.26
123.4 932.26
123.483 932.26
123.55 933.87
123.617 932.26
123.683 930.65
123.767 933.87
123.833 933.87
123.9 929.03
123.983 935.48
124.05 932.26
124.117 933.87
124.183 932.26
124.267 933.87
124.333 932.26
124.4 932.26
124.483 933.87
124.55 933.87
124.617 935.48
124.7 933.87
124.767 933.87
124.833 933.87
124.9 935.48
124.983 933.87
125.05 933.87
125.117 933.87
125.183 935.48
125.267 933.87
125.333 937.1
125.4 933.87
125.467 932.26
125.55 933.87
125.617 935.48
125.683 932.26
135 951.61
135.05 946.77
135.117 948.39
135.183 950
135.267 945.16
135.333 946.77
135.4 946.77
135.467 948.39
135.55 951.61
135.617 951.61
135.683 951.61
135.767 948.39
135.833 951.61
135.9 953.23
135.967 950
136.05 951.61
136.117 951.61
136.183 951.61
136.25 951.61
136.333 951.61
136.4 954.84
136.467 950
136.533 950
136.617 951.61
136.683 950
136.75 950
136.833 945.16
136.9 948.39
136.967 951.61
137.033 950
137.117 953.23
137.183 951.61
137.25 951.61
137.333 951.61
137.4 951.61
137.467 958.06
137.55 948.39
137.617 951.61
137.683 948.39
137.75 954.84
137.833 956.45
137.9 953.23
137.967 958.06
138.05 951.61
138.117 954.84
138.183 954.84
138.25 954.84
138.333 953.23
138.4 953.23
138.467 953.23
138.55 953.23
138.617 953.23
138.683 954.84
138.767 954.84
138.833 956.45
138.9 956.45
138.967 956.45
139.05 953.23
139.117 954.84
139.183 953.23
139.267 954.84
139.333 956.45
139.4 953.23
139.483 956.45
139.55 956.45
139.617 954.84
139.7 958.06
139.767 954.84
139.833 954.84
139.9 958.06
139.983 958.06
140.05 959.68
140.117 956.45
140.2 956.45
140.267 959.68
140.333 958.06
140.417 961.29
140.483 958.06
140.55 959.68
140.617 956.45
140.7 961.29
150 970.97
150.05 970.97
150.117 970.97
150.183 969.35
150.25 970.97
150.333 970.97
150.4 966.13
150.467 967.74
150.55 970.97
150.617 970.97
150.683 967.74
150.75 969.35
150.833 972.58
150.9 969.35
150.967 970.97
151.033 969.35
151.117 967.74
151.183 970.97
151.25 970.97
151.333 966.13
151.4 972.58
151.467 970.97
151.533 972.58
151.617 967.74
151.683 969.35
151.75 969.35
151.817 969.35
151.9 969.35
151.967 969.35
152.033 970.97
152.117 972.58
152.183 972.58
152.25 972.58
152.333 970.97
152.4 970.97
152.467 972.58
152.533 972.58
152.617 969.35
152.683 972.58
152.75 969.35
152.833 972.58
152.9 974.19
152.967 972.58
153.05 972.58
153.117 972.58
153.183 972.58
153.25 966.13
153.333 969.35
153.4 970.97
153.467 970.97
153.533 974.19
153.617 972.58
153.683 970.97
153.75 972.58
153.833 972.58
153.9 974.19
153.967 966.13
154.033 975.81
154.117 972.58
154.183 972.58
154.25 974.19
154.333 972.58
154.4 974.19
154.467 972.58
154.533 970.97
154.617 974.19
154.683 974.19
154.75 974.19
154.833 975.81
154.9 974.19
154.967 975.81
155.033 975.81
155.117 972.58
155.183 975.81
155.25 974.19
155.333 975.81
155.4 974.19
155.467 974.19
155.533 974.19
155.617 972.58
155.683 974.19
165 983.87
165.05 980.65
165.117 983.87
165.183 983.87
165.267 982.26
165.333 982.26
165.4 983.87
165.483 982.26
165.55 985.48
165.617 991.94
165.683 983.87
165.767 979.03
165.833 982.26
165.9 983.87
165.983 985.48
166.05 983.87
166.117 982.26
166.2 983.87
166.267 985.48
166.333 982.26
166.4 985.48
166.483 982.26
166.55 980.65
166.617 983.87
166.683 983.87
166.767 985.48
166.833 983.87
166.9 983.87
166.983 983.87
167.05 982.26
167.117 983.87
167.2 985.48
167.267 982.26
167.333 946.77
167.4 988.71
167.483 987.1
167.55 985.48
167.617 985.48
167.7 990.32
167.767 693.55
167.833 737.1
167.917 803.23
167.983 987.1
168.05 988.71
168.117 983.87
168.2 985.48
168.267 988.71
168.333 983.87
168.4 987.1
168.483 985.48
168.55 985.48
168.617 987.1
168.7 985.48
168.767 985.48
168.833 985.48
168.9 985.48
168.983 987.1
169.05 987.1
169.117 983.87
169.183 985.48
169.267 987.1
169.333 990.32
169.4 985.48
169.483 988.71
169.55 983.87
169.617 987.1
169.683 993.55
169.767 985.48
169.833 990.32
169.9 983.87
169.983 985.48
170.05 985.48
170.117 985.48
170.183 985.48
170.267 987.1
170.333 988.71
170.4 988.71
170.467 987.1
170.55 985.48
170.617 990.32
170.683 983.87
180 990.32
180.05 990.32
180.117 988.71
180.183 991.94
180.267 990.32
180.333 990.32
180.4 990.32
180.467 991.94
180.55 987.1
180.617 990.32
180.683 990.32
180.767 991.94
180.833 991.94
180.9 991.94
180.983 996.77
181.05 991.94
181.117 993.55
181.2 990.32
181.267 991.94
181.333 990.32
181.4 990.32
181.483 991.94
181.55 991.94
181.617 991.94
181.7 990.32
181.767 991.94
181.833 990.32
181.9 991.94
181.983 990.32
182.05 990.32
182.117 988.71
182.2 991.94
182.267 988.71
182.333 990.32
182.417 990.32
182.483 988.71
182.55 990.32
182.617 987.1
182.7 990.32
182.767 990.32
182.833 991.94
182.917 988.71
182.983 988.71
183.05 988.71
183.117 991.94
183.2 991.94
183.267 988.71
183.333 988.71
183.417 988.71
183.483 988.71
183.55 991.94
183.617 993.55
183.7 985.48
183.767 993.55
183.833 993.55
183.917 993.55
183.983 990.32
184.05 993.55
184.117 993.55
184.2 993.55
184.267 995.16
184.333 990.32
184.417 990.32
184.483 995.16
184.55 1000
184.617 993.55
184.7 991.94
184.767 993.55
184.833 991.94
184.9 995.16
184.983 995.16
185.05 993.55
185.117 987.1
185.183 996.77
185.267 991.94
185.333 993.55
185.4 993.55
185.483 993.55
185.55 993.55
185.617 991.94
185.7 993.55
195 998.39
195.05 995.16
195.117 996.77
195.183 998.39
195.267 998.39
195.333 998.39
195.4 998.39
195.467 996.77
195.55 993.55
195.617 1003.23
195.683 996.77
195.767 998.39
195.833 996.77
195.9 995.16
195.967 996.77
196.05 995.16
196.117 995.16
196.183 993.55
196.267 995.16
196.333 995.16
196.4 995.16
196.467 995.16
196.55 995.16
196.617 995.16
196.683 993.55
196.767 993.55
196.833 991.94
196.9 990.32
196.983 991.94
197.05 991.94
197.117 993.55
197.183 991.94
197.267 993.55
197.333 993.55
197.4 995.16
197.483 995.16
197.55 998.39
197.617 995.16
197.683 995.16
197.767 996.77
197.833 996.77
197.9 996.77
197.983 996.77
198.05 995.16
198.117 996.77
198.2 996.77
198.267 996.77
198.333 995.16
198.417 998.39
198.483 998.39
198.55 998.39
198.617 996.77
198.7 996.77
198.767 996.77
198.833 996.77
198.917 995.16
198.983 996.77
199.05 995.16
199.117 996.77
199.2 996.77
199.267 996.77
199.333 996.77
199.417 998.39
199.483 995.16
199.55 996.77
199.633 996.77
199.7 998.39
199.767 995.16
199.833 996.77
199.917 993.55
199.983 996.77
200.05 1000
200.117 996.77
200.2 996.77
200.267 995.16
200.333 995.16
200.417 995.16
200.483 993.55
200.55 996.77
200.633 996.77
200.7 996.77
210 1000
210.05 1000
210.117 1001.61
210.183 1001.61
210.267 1003.23
210.333 1001.61
210.4 1000
210.467 1000
210.55 1003.23
210.617 1001.61
210.683 1004.84
210.767 1001.61
210.833 1001.61
210.9 1001.61
210.983 1003.23
211.05 1003.23
211.117 998.39
211.183 1003.23
211.267 1001.61
211.333 998.39
211.4 1001.61
211.483 1000
211.55 1003.23
211.617 998.39
211.683 1000
211.767 1001.61
211.833 1000
211.9 1001.61
211.983 1001.61
212.05 1001.61
212.117 1004.84
212.2 1000
212.267 1003.23
212.333 1000
212.417 1000
212.483 1003.23
212.55 1001.61
212.617 1000
212.7 1000
212.767 1000
212.833 998.39
212.917 1000
212.983 1001.61
213.05 1000
213.133 998.39
213.2 1000
213.267 1000
213.333 1000
213.417 996.77
213.483 1000
213.55 1001.61
213.617 995.16
213.7 1000
213.767 998.39
213.833 998.39
213.917 998.39
213.983 998.39
214.05 1001.61
214.117 1000
214.2 1000
214.267 1001.61
214.333 998.39
214.417 1000
214.483 998.39
214.55 996.77
214.617 1000
214.7 998.39
214.767 1000
214.833 998.39
214.917 1000
214.983 1000
215.05 1000
215.117 1001.61
215.2 998.39
215.267 1000
215.333 1000
215.417 1000
215.483 1000
215.55 1000
215.617 1000
215.7 998.39
225 998.39
225.05 1000
225.117 1000
225.183 998.39
225.267 998.39
225.333 995.16
225.4 998.39
225.467 996.77
225.55 996.77
225.617 996.77
225.683 1000
225.767 996.77
225.833 991.94
225.9 998.39
225.967 993.55
226.05 993.55
226.117 1001.61
226.183 1000
226.25 998.39
226.317 996.77
226.4 998.39
226.467 1000
226.533 1000
226.6 998.39
226.683 995.16
226.75 1000
226.817 998.39
226.9 1000
226.967 1000
227.033 998.39
227.1 998.39
227.183 998.39
227.25 1000
227.317 996.77
227.4 996.77
227.467 995.16
227.533 996.77
227.6 995.16
227.683 996.77
227.75 998.39
227.817 996.77
227.883 1000
227.967 996.77
228.033 996.77
228.1 998.39
228.183 996.77
228.25 998.39
228.317 996.77
228.383 996.77
228.467 998.39
228.533 995.16
228.6 996.77
228.667 995.16
228.75 995.16
228.817 995.16
228.883 995.16
228.95 993.55
229.033 996.77
229.1 996.77
229.167 993.55
229.233 996.77
229.3 996.77
229.383 996.77
229.45 996.77
229.517 996.77
229.6 993.55
229.667 995.16
229.733 995.16
229.8 998.39
229.883 996.77
229.95 996.77
230.017 996.77
230.1 998.39
230.167 995.16
230.233 996.77
230.317 995.16
230.383 991.94
230.45 998.39
230.517 995.16
230.6 996.77
230.667 996.77
240 996.77
240.05 995.16
240.117 996.77
240.2 996.77
240.267 998.39
240.333 998.39
240.4 996.77
240.483 1000
240.55 1000
240.617 1000
240.7 998.39
240.767 998.39
240.833 995.16
240.9 996.77
240.983 998.39
241.05 998.39
241.117 995.16
241.2 995.16
241.267 993.55
241.333 993.55
241.4 998.39
241.483 995.16
241.55 990.32
241.617 990.32
241.7 987.1
241.767 988.71
241.833 985.48
241.9 1001.61
241.983 1000
242.05 998.39
242.117 996.77
242.2 996.77
242.267 996.77
242.333 996.77
242.417 996.77
242.483 995.16
242.55 996.77
242.633 996.77
242.7 995.16
242.767 996.77
242.833 996.77
242.917 996.77
242.983 993.55
243.05 998.39
243.133 996.77
243.2 993.55
243.267 995.16
243.333 993.55
243.417 995.16
243.483 998.39
243.55 995.16
243.633 996.77
243.7 995.16
243.767 996.77
243.85 996.77
243.917 995.16
243.983 996.77
244.05 995.16
244.133 1000
244.2 996.77
244.267 995.16
244.35 996.77
244.417 996.77
244.483 996.77
244.55 995.16
244.633 990.32
244.7 993.55
244.767 995.16
244.85 1000
244.917 998.39
244.983 993.55
245.067 993.55
245.133 998.39
245.2 996.77
245.283 995.16
245.35 996.77
245.417 995.16
245.483 995.16
245.567 993.55
245.633 995.16
245.7 991.94
255 990.32
255.05 990.32
255.117 991.94
255.183 985.48
255.267 987.1
255.333 987.1
255.4 990.32
255.467 990.32
255.55 990.32
255.617 995.16
255.683 988.71
255.767 990.32
255.833 990.32
255.9 988.71
255.983 988.71
256.05 990.32
256.117 987.1
256.183 987.1
256.267 990.32
256.333 990.32
256.4 988.71
256.483 991.94
256.55 990.32
256.617 990.32
256.683 988.71
256.767 990.32
256.833 990.32
256.9 988.71
256.967 990.32
257.05 991.94
257.117 991.94
257.183 990.32
257.25 988.71
257.333 990.32
257.4 990.32
257.467 988.71
257.55 988.71
257.617 990.32
257.683 991.94
257.767 990.32
257.833 988.71
257.9 990.32
257.967 985.48
258.05 990.32
258.117 985.48
258.183 985.48
258.267 985.48
258.333 988.71
258.4 993.55
258.467 987.1
258.55 987.1
258.617 985.48
258.683 993.55
258.75 988.71
258.833 985.48
258.9 988.71
258.967 988.71
259.05 987.1
259.117 988.71
259.183 988.71
259.25 988.71
259.333 987.1
259.4 987.1
259.467 985.48
259.55 988.71
259.617 988.71
259.683 990.32
259.75 987.1
259.833 988.71
259.9 991.94
259.967 988.71
260.05 985.48
260.117 988.71
260.183 988.71
260.267 988.71
260.333 987.1
260.4 987.1
260.467 988.71
260.55 987.1
260.617 985.48
260.683 983.87
270 979.03
270.05 982.26
270.117 980.65
270.183 980.65
270.267 980.65
270.333 980.65
270.4 979.03
270.467 980.65
270.55 979.03
270.617 979.03
270.683 979.03
270.767 979.03
270.833 982.26
270.9 980.65
270.983 979.03
271.05 977.42
271.117 977.42
271.183 979.03
271.267 980.65
271.333 977.42
271.4 980.65
271.483 979.03
271.55 977.42
271.617 977.42
271.683 975.81
271.767 980.65
271.833 980.65
271.9 980.65
271.967 977.42
272.05 975.81
272.117 977.42
272.183 974.19
272.267 977.42
272.333 974.19
272.4 975.81
272.467 972.58
272.55 972.58
272.617 975.81
272.683 977.42
272.767 980.65
272.833 977.42
272.9 975.81
272.983 979.03
273.05 975.81
273.117 975.81
273.183 977.42
273.267 975.81
273.333 977.42
273.4 977.42
273.467 977.42
273.55 977.42
273.617 977.42
273.683 975.81
273.75 975.81
273.833 974.19
273.9 980.65
273.967 974.19
274.05 974.19
274.117 977.42
274.183 974.19
274.267 975.81
274.333 975.81
274.4 975.81
274.467 975.81
274.533 972.58
274.617 977.42
274.683 975.81
274.75 975.81
274.833 972.58
274.9 977.42
274.967 979.03
275.05 979.03
275.117 970.97
275.183 972.58
275.267 975.81
275.333 975.81
275.4 977.42
275.467 972.58
275.533 974.19
275.617 975.81
275.683 975.81
285 958.06
285.05 962.9
285.117 959.68
285.183 962.9
285.267 959.68
285.333 961.29
285.4 958.06
285.483 961.29
285.55 959.68
285.617 961.29
285.683 961.29
285.767 959.68
285.833 959.68
285.9 961.29
285.983 961.29
286.05 964.52
286.117 958.06
286.183 961.29
286.267 961.29
286.333 961.29
286.4 959.68
286.483 961.29
286.55 959.68
286.617 959.68
286.683 959.68
286.767 961.29
286.833 961.29
286.9 961.29
286.983 959.68
287.05 958.06
287.117 959.68
287.183 958.06
287.267 959.68
287.333 961.29
287.4 959.68
287.483 959.68
287.55 962.9
287.617 956.45
287.683 959.68
287.767 958.06
287.833 958.06
287.9 958.06
287.967 959.68
288.05 959.68
288.117 956.45
288.183 958.06
288.267 959.68
288.333 956.45
288.4 958.06
288.467 958.06
288.55 959.68
288.617 956.45
288.683 961.29
288.75 956.45
288.833 954.84
288.9 956.45
288.967 958.06
289.05 958.06
289.117 958.06
289.183 956.45
289.25 953.23
289.333 959.68
289.4 956.45
289.467 958.06
289.55 956.45
289.617 956.45
289.683 956.45
289.75 956.45
289.833 956.45
289.9 956.45
289.967 956.45
290.05 958.06
290.117 956.45
290.183 958.06
290.267 956.45
290.333 956.45
290.4 954.84
290.467 959.68
290.55 959.68
290.617 958.06
290.683 956.45
300 946.77
300.05 946.77
300.117 945.16
300.183 946.77
300.25 941.94
300.333 943.55
300.4 943.55
300.467 946.77
300.55 943.55
300.617 941.94
300.683 946.77
300.75 943.55
300.833 943.55
300.9 940.32
300.967 943.55
301.033 945.16
301.117 941.94
301.183 945.16
301.25 945.16
301.317 945.16
301.4 943.55
301.467 941.94
301.533 941.94
301.617 945.16
301.683 943.55
301.75 943.55
301.817 943.55
301.9 945.16
301.967 941.94
302.033 938.71
302.117 940.32
302.183 943.55
302.25 943.55
302.317 937.1
302.4 943.55
302.467 940.32
302.533 941.94
302.617 940.32
302.683 941.94
302.75 941.94
302.817 940.32
302.9 941.94
302.967 941.94
303.033 945.16
303.117 941.94
303.183 940.32
303.25 940.32
303.333 940.32
303.4 940.32
303.467 941.94
303.55 938.71
303.617 941.94
303.683 941.94
303.75 938.71
303.833 937.1
303.9 938.71
303.967 935.48
304.05 940.32
304.117 941.94
304.183 943.55
304.25 938.71
304.333 938.71
304.4 938.71
304.467 937.1
304.55 937.1
304.617 938.71
304.683 938.71
304.767 937.1
304.833 940.32
304.9 937.1
304.983 935.48
305.05 933.87
305.117 937.1
305.183 938.71
305.267 933.87
305.333 937.1
305.4 935.48
305.483 938.71
305.55 935.48
305.617 933.87
305.683 935.48
315 924.19
315.05 924.19
315.117 924.19
315.183 920.97
315.267 920.97
315.333 922.58
315.4 922.58
315.467 922.58
315.55 922.58
315.617 922.58
315.683 922.58
315.767 920.97
315.833 920.97
315.9 922.58
315.967 922.58
316.05 920.97
316.117 920.97
316.183 920.97
316.25 920.97
316.333 920.97
316.4 920.97
316.467 919.35
316.55 920.97
316.617 920.97
316.683 919.35
316.75 919.35
316.833 916.13
316.9 919.35
316.967 919.35
317.033 920.97
317.117 919.35
317.183 917.74
317.25 917.74
317.333 916.13
317.4 917.74
317.467 917.74
317.55 916.13
317.617 916.13
317.683 914.52
317.767 917.74
317.833 919.35
317.9 919.35
317.967 914.52
318.05 917.74
318.117 914.52
318.183 916.13
318.267 917.74
318.333 916.13
318.4 916.13
318.467 914.52
318.55 917.74
318.617 920.97
318.683 916.13
318.767 917.74
318.833 917.74
318.9 916.13
318.967 916.13
319.05 916.13
319.117 914.52
319.183 919.35
319.267 920.97
319.333 916.13
319.4 916.13
319.483 916.13
319.55 917.74
319.617 919.35
319.683 916.13
319.767 914.52
319.833 916.13
319.9 916.13
319.983 917.74
320.05 916.13
320.117 914.52
320.2 914.52
320.267 914.52
320.333 916.13
320.4 911.29
320.483 912.9
320.55 914.52
320.617 917.74
320.7 919.35
330 893.55
330.05 895.16
330.117 896.77
330.183 896.77
330.25 895.16
330.317 895.16
330.4 895.16
330.467 896.77
330.533 898.39
330.617 896.77
330.683 895.16
330.75 895.16
330.817 895.16
330.9 895.16
330.967 895.16
331.033 898.39
331.1 896.77
331.183 895.16
331.25 893.55
331.317 891.94
331.4 895.16
331.467 893.55
331.533 893.55
331.6 891.94
331.683 893.55
331.75 895.16
331.817 891.94
331.9 896.77
331.967 890.32
332.033 896.77
332.1 893.55
332.183 891.94
332.25 893.55
332.317 893.55
332.4 891.94
332.467 891.94
332.533 891.94
332.617 891.94
332.683 890.32
332.75 891.94
332.817 891.94
332.9 890.32
332.967 890.32
333.033 890.32
333.1 891.94
333.183 891.94
333.25 890.32
333.317 890.32
333.4 888.71
333.467 891.94
333.533 890.32
333.617 891.94
333.683 891.94
333.75 890.32
333.817 891.94
333.9 888.71
333.967 888.71
334.033 891.94
334.117 888.71
334.183 888.71
334.25 887.1
334.333 888.71
334.4 888.71
334.467 893.55
334.533 888.71
334.617 888.71
334.683 888.71
334.75 885.48
334.817 888.71
334.9 891.94
334.967 885.48
335.033 887.1
335.117 887.1
335.183 887.1
335.25 885.48
335.333 885.48
335.4 887.1
335.467 887.1
335.533 885.48
335.617 885.48
335.683 887.1
345 870.97
345.05 869.35
345.117 870.97
345.183 869.35
345.267 870.97
345.333 870.97
345.4 869.35
345.483 869.35
345.55 870.97
345.617 869.35
345.683 870.97
345.767 867.74
345.833 869.35
345.9 867.74
345.983 869.35
346.05 867.74
346.117 867.74
346.183 867.74
346.267 866.13
346.333 869.35
346.4 854.84
346.483 866.13
346.55 866.13
346.617 867.74
346.683 864.52
346.767 867.74
346.833 866.13
346.9 866.13
346.983 866.13
347.05 864.52
347.117 864.52
347.2 866.13
347.267 864.52
347.333 864.52
347.417 866.13
347.483 861.29
347.55 866.13
347.617 864.52
347.7 862.9
347.767 866.13
347.833 866.13
347.917 866.13
347.983 866.13
348.05 862.9
348.133 862.9
348.2 864.52
348.267 862.9
348.35 861.29
348.417 864.52
348.483 861.29
348.55 861.29
348.633 861.29
348.7 861.29
348.767 862.9
348.85 864.52
348.917 864.52
348.983 862.9
349.05 861.29
349.133 861.29
349.2 862.9
349.267 859.68
349.35 862.9
349.417 858.06
349.483 861.29
349.55 861.29
349.633 859.68
349.7 859.68
349.767 859.68
349.85 859.68
349.917 859.68
349.983 859.68
350.05 862.9
350.133 859.68
350.2 861.29
350.267 858.06
350.35 859.68
350.417 858.06
350.483 859.68
350.55 859.68
350.633 858.06
350.7 858.06
360 838.71
360.05 838.71
360.117 838.71
360.183 840.32
360.267 838.71
360.333 840.32
360.4 838.71
360.483 840.32
360.55 838.71
360.617 837.1
360.683 837.1
360.767 837.1
360.833 838.71
360.9 837.1
360.983 835.48
361.05 838.71
361.117 837.1
361.183 833.87
361.267 837.1
361.333 835.48
361.4 837.1
361.483 837.1
361.55 838.71
361.617 837.1
361.7 838.71
361.767 837.1
361.833 837.1
361.9 837.1
361.983 837.1
362.05 832.26
362.117 833.87
362.2 833.87
362.267 833.87
362.333 833.87
362.417 830.65
362.483 832.26
362.55 833.87
362.617 833.87
362.7 833.87
362.767 832.26
362.833 832.26
362.917 833.87
362.983 830.65
363.05 832.26
363.133 833.87
363.2 833.87
363.267 833.87
363.333 832.26
363.417 833.87
363.483 833.87
363.55 833.87
363.617 833.87
363.7 832.26
363.767 832.26
363.833 829.03
363.9 830.65
363.983 830.65
364.05 830.65
364.117 830.65
364.2 832.26
364.267 830.65
364.333 832.26
364.4 830.65
364.483 833.87
364.55 830.65
364.617 830.65
364.7 830.65
364.767 830.65
364.833 829.03
364.917 827.42
364.983 830.65
365.05 829.03
365.117 829.03
365.2 829.03
365.267 829.03
365.333 829.03
365.417 829.03
365.483 829.03
365.55 830.65
365.633 827.42
365.7 827.42
375 809.68
375.05 809.68
375.117 808.06
375.183 808.06
375.267 808.06
375.333 808.06
375.4 808.06
375.467 809.68
375.55 809.68
375.617 809.68
375.683 809.68
375.767 808.06
375.833 808.06
375.9 806.45
375.967 809.68
376.05 806.45
376.117 806.45
376.183 808.06
376.25 804.84
376.333 806.45
376.4 804.84
376.467 806.45
376.55 804.84
376.617 806.45
376.683 806.45
376.75 803.23
376.833 804.84
376.9 804.84
376.967 806.45
377.05 804.84
377.117 803.23
377.183 804.84
377.25 804.84
377.333 803.23
377.4 803.23
377.467 806.45
377.533 803.23
377.617 804.84
377.683 803.23
377.75 804.84
377.833 806.45
377.9 803.23
377.967 804.84
378.033 804.84
378.117 801.61
378.183 801.61
378.25 804.84
378.333 803.23
378.4 803.23
378.467 803.23
378.55 801.61
378.617 804.84
378.683 803.23
378.75 801.61
378.833 800
378.9 803.23
378.967 803.23
379.033 803.23
379.117 801.61
379.183 800
379.25 803.23
379.317 803.23
379.4 801.61
379.467 801.61
379.533 803.23
379.617 803.23
379.683 801.61
379.75 801.61
379.833 801.61
379.9 801.61
379.967 804.84
380.033 801.61
380.117 803.23
380.183 801.61
380.25 801.61
380.333 801.61
380.4 801.61
380.467 803.23
380.533 801.61
380.617 801.61
380.683 803.23
390 779.03
390.05 777.42
390.117 775.81
390.183 772.58
390.267 774.19
390.333 777.42
390.4 772.58
390.467 777.42
390.55 770.97
390.617 777.42
390.683 775.81
390.75 774.19
390.833 775.81
390.9 772.58
390.967 777.42
391.033 775.81
391.117 774.19
391.183 777.42
391.25 770.97
391.333 774.19
391.4 772.58
391.467 774.19
391.533 775.81
391.617 767.74
391.683 761.29
391.75 767.74
391.817 769.35
391.9 775.81
391.967 777.42
392.033 774.19
392.1 775.81
392.183 775.81
392.25 774.19
392.317 779.03
392.4 775.81
392.467 774.19
392.533 774.19
392.6 777.42
392.683 772.58
392.75 772.58
392.817 769.35
392.9 770.97
392.967 772.58
393.033 745.16
393.1 770.97
393.183 772.58
393.25 774.19
393.317 772.58
393.4 775.81
393.467 769.35
393.533 758.06
393.6 745.16
393.683 743.55
393.75 745.16
393.817 748.39
393.883 753.23
393.967 756.45
394.033 761.29
394.1 756.45
394.183 745.16
394.25 759.68
394.317 741.94
394.383 761.29
394.467 762.9
394.533 764.52
394.6 758.06
394.683 753.23
394.75 751.61
394.817 754.84
394.9 754.84
394.967 751.61
395.033 748.39
395.1 754.84
395.183 759.68
395.25 764.52
395.317 761.29
395.4 764.52
395.467 759.68
395.533 758.06
395.617 764.52
395.683 762.9
405 745.16
405.05 751.61
405.117 754.84
405.183 748.39
405.25 743.55
405.333 750
405.4 756.45
405.467 741.94
405.55 725.81
405.617 730.65
405.683 733.87
405.75 696.77
405.833 693.55
405.9 722.58
405.967 720.97
406.033 685.48
406.117 672.58
406.183 664.52
406.25 627.42
406.333 640.32
406.4 596.77
406.467 548.39
406.55 550
406.617 546.77
406.683 546.77
406.75 570.97
406.833 554.84
406.9 572.58
406.967 603.23
407.05 606.45
407.117 608.06
407.183 561.29
407.25 574.19
407.333 558.06
407.4 593.55
407.467 635.48
407.55 638.71
407.617 656.45
407.683 706.45
407.767 704.84
407.833 704.84
407.9 691.94
407.967 690.32
408.05 706.45
408.117 682.26
408.183 687.1
408.267 691.94
408.333 648.39
408.4 635.48
408.467 632.26
408.55 691.94
408.617 690.32
408.683 701.61
408.75 698.39
408.833 706.45
408.9 711.29
408.967 690.32
409.05 693.55
409.117 682.26
409.183 691.94
409.267 653.23
409.333 646.77
409.4 635.48
409.467 595.16
409.55 583.87
409.617 600
409.683 629.03
409.75 601.61
409.833 627.42
409.9 622.58
409.967 591.94
410.05 600
410.117 598.39
410.183 632.26
410.267 646.77
410.333 638.71
410.4 553.23
410.467 454.84
410.55 448.39
410.617 522.58
410.683 583.87
420 538.71
420.05 559.68
420.117 587.1
420.183 625.81
420.267 606.45
420.333 580.65
420.4 590.32
420.483 537.1
420.55 512.9
420.617 516.13
420.683 527.42
420.767 532.26
420.833 514.52
420.9 491.94
420.983 474.19
421.05 495.16
421.117 514.52
421.2 543.55
421.267 553.23
421.333 566.13
421.4 617.74
421.483 595.16
421.55 551.61
421.617 582.26
421.7 606.45
421.767 640.32
421.833 627.42
421.9 641.94
421.983 669.35
422.05 679.03
422.117 680.65
422.2 683.87
422.267 670.97
422.333 683.87
422.4 691.94
422.483 691.94
422.55 688.71
422.617 698.39
422.7 698.39
422.767 706.45
422.833 701.61
422.917 696.77
422.983 701.61
423.05 706.45
423.117 704.84
423.2 704.84
423.267 704.84
423.333 704.84
423.417 706.45
423.483 706.45
423.55 703.23
423.617 706.45
423.7 703.23
423.767 703.23
423.833 704.84
423.917 703.23
423.983 701.61
424.05 704.84
424.133 703.23
424.2 703.23
424.267 703.23
424.333 701.61
424.4 703.23
424.483 701.61
424.55 700
424.617 701.61
424.7 701.61
424.767 700
424.833 698.39
424.9 696.77
424.983 695.16
425.05 688.71
425.117 691.94
425.2 691.94
425.267 693.55
425.333 693.55
425.4 693.55
425.483 693.55
425.55 691.94
425.617 690.32
425.683 691.94
435 487.1
435.05 480.65
435.117 448.39
435.183 454.84
435.267 470.97
435.333 461.29
435.4 446.77
435.467 462.9
435.55 437.1
435.617 430.65
435.683 461.29
435.767 433.87
435.833 435.48
435.9 438.71
435.983 456.45
436.05 451.61
436.117 470.97
436.183 467.74
436.267 450
436.333 456.45
436.4 459.68
436.483 469.35
436.55 466.13
436.617 456.45
436.7 458.06
436.767 459.68
436.833 424.19
436.9 404.84
436.983 422.58
437.05 417.74
437.117 395.16
437.2 388.71
437.267 417.74
437.333 451.61
437.4 437.1
437.483 454.84
437.55 464.52
437.617 441.94
437.7 474.19
437.767 532.26
437.833 564.52
437.9 608.06
437.983 606.45
438.05 619.35
438.117 643.55
438.2 645.16
438.267 632.26
438.333 640.32
438.4 645.16
438.483 650
438.55 653.23
438.617 650
438.7 651.61
438.767 650
438.833 651.61
438.9 653.23
438.983 653.23
439.05 653.23
439.117 651.61
439.2 648.39
439.267 650
439.333 651.61
439.4 650
439.483 648.39
439.55 650
439.617 650
439.7 648.39
439.767 650
439.833 650
439.917 648.39
439.983 648.39
440.05 646.77
440.117 646.77
440.2 648.39
440.267 646.77
440.333 648.39
440.417 646.77
440.483 646.77
440.55 646.77
440.633 645.16
440.7 645.16
450 606.45
450.05 606.45
450.117 593.55
450.183 587.1
450.267 580.65
450.333 572.58
450.4 550
450.467 550
450.55 598.39
450.617 603.23
450.683 574.19
450.767 579.03
450.833 587.1
450.9 598.39
450.967 588.71
451.05 572.58
451.117 561.29
451.183 554.84
451.267 558.06
451.333 566.13
451.4 567.74
451.467 559.68
451.55 570.97
451.617 556.45
451.683 546.77
451.767 541.94
451.833 567.74
451.9 583.87
451.967 593.55
452.05 595.16
452.117 590.32
452.183 596.77
452.267 601.61
452.333 603.23
452.4 598.39
452.483 591.94
452.55 588.71
452.617 593.55
452.683 587.1
452.767 582.26
452.833 606.45
452.9 614.52
452.967 609.68
453.05 611.29
453.117 614.52
453.183 611.29
453.267 601.61
453.333 606.45
453.4 609.68
453.483 609.68
453.55 604.84
453.617 601.61
453.683 600
453.767 609.68
453.833 609.68
453.9 608.06
453.983 606.45
454.05 603.23
454.117 608.06
454.2 611.29
454.267 612.9
454.333 612.9
454.4 608.06
454.483 604.84
454.55 598.39
454.617 587.1
454.7 580.65
454.767 575.81
454.833 559.68
454.9 562.9
454.983 545.16
455.05 533.87
455.117 527.42
455.2 529.03
455.267 472.58
455.333 495.16
455.417 529.03
455.483 540.32
455.55 530.65
455.633 530.65
455.7 533.87
465 367.74
465.05 364.52
465.117 345.16
465.183 340.32
465.267 350
465.333 353.23
465.4 353.23
465.467 372.58
465.55 385.48
465.617 414.52
465.683 416.13
465.767 411.29
465.833 420.97
465.9 414.52
465.983 395.16
466.05 382.26
466.117 375.81
466.183 345.16
466.267 324.19
466.333 325.81
466.4 329.03
466.483 317.74
466.55 298.39
466.617 296.77
466.7 300
466.767 306.45
466.833 338.71
466.917 393.55
466.983 408.06
467.05 404.84
467.133 409.68
467.2 369.35
467.267 332.26
467.333 348.39
467.417 361.29
467.483 366.13
467.55 406.45
467.633 459.68
467.7 487.1
467.767 467.74
467.85 440.32
467.917 430.65
467.983 432.26
468.05 430.65
468.133 409.68
468.2 377.42
468.267 356.45
468.35 338.71
468.417 338.71
468.483 346.77
468.567 341.94
468.633 359.68
468.7 380.65
468.767 390.32
468.85 403.23
468.917 429.03
468.983 433.87
469.067 459.68
469.133 453.23
469.2 425.81
469.283 396.77
469.35 375.81
469.417 364.52
469.483 361.29
469.567 340.32
469.633 338.71
469.7 343.55
469.783 329.03
469.85 330.65
469.917 308.06
470 330.65
470.067 372.58
470.133 416.13
470.2 454.84
470.283 456.45
470.35 445.16
470.417 430.65
470.5 437.1
470.567 422.58
470.633 414.52
470.717 427.42
480 524.19
480.05 524.19
480.117 517.74
480.183 517.74
480.267 509.68
480.333 514.52
480.4 517.74
480.483 517.74
480.55 517.74
480.617 516.13
480.683 514.52
480.767 509.68
480.833 503.23
480.9 503.23
480.983 500
481.05 477.42
481.117 470.97
481.183 495.16
481.267 506.45
481.333 509.68
481.4 514.52
481.483 517.74
481.55 524.19
481.617 519.35
481.7 512.9
481.767 500
481.833 487.1
481.9 487.1
481.983 479.03
482.05 479.03
482.117 472.58
482.2 466.13
482.267 445.16
482.333 451.61
482.417 451.61
482.483 462.9
482.55 459.68
482.633 453.23
482.7 441.94
482.767 406.45
482.833 372.58
482.917 362.9
482.983 362.9
483.05 367.74
483.133 375.81
483.2 375.81
483.267 377.42
483.35 361.29
483.417 362.9
483.483 374.19
483.55 375.81
483.633 379.03
483.7 372.58
483.767 366.13
483.85 367.74
483.917 369.35
483.983 364.52
484.067 361.29
484.133 358.06
484.2 340.32
484.267 350
484.35 366.13
484.417 390.32
484.483 417.74
484.567 437.1
484.633 464.52
484.7 462.9
484.783 454.84
484.85 472.58
484.917 503.23
485 517.74
485.067 520.97
485.133 512.9
485.217 482.26
485.283 490.32
485.35 520.97
485.433 514.52
485.5 503.23
485.567 496.77
485.65 503.23
485.717 480.65
495 475.81
495.05 477.42
495.117 477.42
495.183 477.42
495.267 477.42
495.333 475.81
495.4 475.81
495.467 475.81
495.55 475.81
495.617 475.81
495.683 475.81
495.767 477.42
495.833 475.81
495.9 475.81
495.983 475.81
496.05 474.19
496.117 474.19
496.183 474.19
496.267 470.97
496.333 470.97
496.4 470.97
496.483 469.35
496.55 467.74
496.617 467.74
496.7 466.13
496.767 464.52
496.833 464.52
496.917 462.9
496.983 462.9
497.05 461.29
497.117 461.29
497.2 461.29
497.267 459.68
497.333 459.68
497.417 458.06
497.483 459.68
497.55 458.06
497.617 458.06
497.7 458.06
497.767 458.06
497.833 456.45
497.917 456.45
497.983 456.45
498.05 456.45
498.133 456.45
498.2 454.84
498.267 454.84
498.333 454.84
498.417 453.23
498.483 451.61
498.55 451.61
498.633 451.61
498.7 450
498.767 450
498.85 448.39
498.917 446.77
498.983 445.16
499.067 446.77
499.133 445.16
499.2 446.77
499.283 445.16
499.35 445.16
499.417 443.55
499.483 443.55
499.567 443.55
499.633 443.55
499.7 443.55
499.783 445.16
499.85 441.94
499.917 441.94
500 441.94
500.067 440.32
500.133 441.94
500.2 440.32
500.283 438.71
500.35 437.1
500.417 435.48
500.5 433.87
500.567 433.87
500.633 433.87
500.717 433.87
510 400
510.05 400
510.117 401.61
510.183 401.61
510.267 401.61
510.333 403.23
510.4 403.23
510.483 403.23
510.55 403.23
510.617 401.61
510.683 401.61
510.767 401.61
510.833 400
510.9 400
510.983 398.39
511.05 398.39
511.117 398.39
511.2 398.39
511.267 396.77
511.333 396.77
511.4 398.39
511.483 398.39
511.55 398.39
511.617 398.39
511.7 396.77
511.767 396.77
511.833 396.77
511.917 398.39
511.983 398.39
512.05 398.39
512.117 400
512.2 400
512.267 400
512.333 401.61
512.417 401.61
512.483 401.61
512.55 403.23
512.633 403.23
512.7 403.23
512.767 403.23
512.85 403.23
512.917 403.23
512.983 403.23
513.05 401.61
513.133 401.61
513.2 401.61
513.267 403.23
513.35 403.23
513.417 401.61
513.483 403.23
513.567 403.23
513.633 403.23
513.7 403.23
513.767 403.23
513.85 403.23
513.917 403.23
513.983 403.23
514.067 403.23
514.133 403.23
514.2 403.23
514.283 401.61
514.35 403.23
514.417 403.23
514.5 403.23
514.567 403.23
514.633 403.23
514.717 403.23
514.783 403.23
514.85 403.23
514.917 403.23
515 401.61
515.067 400
515.133 398.39
515.217 396.77
515.283 396.77
515.35 393.55
515.433 390.32
515.5 388.71
515.567 387.1
515.65 390.32
515.717 391.94
525 304.84
525.05 306.45
525.117 314.52
525.183 317.74
525.267 316.13
525.333 308.06
525.4 301.61
525.467 296.77
525.55 290.32
525.617 283.87
525.683 282.26
525.767 288.71
525.833 290.32
525.9 287.1
525.983 290.32
526.05 295.16
526.117 300
526.2 308.06
526.267 317.74
526.333 320.97
526.4 317.74
526.483 304.84
526.55 283.87
526.617 272.58
526.7 267.74
526.767 272.58
526.833 275.81
526.917 275.81
526.983 275.81
527.05 277.42
527.133 277.42
527.2 280.65
527.267 280.65
527.333 280.65
527.417 285.48
527.483 293.55
527.55 301.61
527.633 309.68
527.7 312.9
527.767 311.29
527.85 309.68
527.917 304.84
527.983 303.23
528.067 303.23
528.133 304.84
528.2 304.84
528.267 304.84
528.35 304.84
528.417 303.23
528.483 303.23
528.567 303.23
528.633 303.23
528.7 303.23
528.783 303.23
528.85 300
528.917 296.77
529 293.55
529.067 290.32
529.133 287.1
529.2 283.87
529.283 279.03
529.35 275.81
529.417 277.42
529.5 280.65
529.567 285.48
529.633 288.71
529.717 290.32
529.783 283.87
529.85 275.81
529.917 266.13
530 259.68
530.067 261.29
530.133 267.74
530.217 270.97
530.283 274.19
530.35 277.42
530.417 279.03
530.5 280.65
530.567 283.87
530.633 287.1
530.717 291.94
540 206.45
540.05 206.45
540.117 204.84
540.183 203.23
540.267 201.61
540.333 198.39
540.4 196.77
540.467 195.16
540.55 193.55
540.617 193.55
540.683 195.16
540.767 195.16
540.833 195.16
540.9 200
540.983 208.06
541.05 212.9
541.117 214.52
541.183 216.13
541.267 217.74
541.333 220.97
541.4 224.19
541.483 225.81
541.55 227.42
541.617 220.97
541.7 203.23
541.767 183.87
541.833 170.97
541.917 164.52
541.983 159.68
542.05 154.84
542.133 154.84
542.2 156.45
542.267 154.84
542.333 153.23
542.417 151.61
542.483 151.61
542.55 151.61
542.633 148.39
542.7 148.39
542.767 148.39
542.85 148.39
542.917 148.39
542.983 150
543.067 150
543.133 151.61
543.2 150
543.267 148.39
543.35 148.39
543.417 153.23
543.483 162.9
543.567 172.58
543.633 180.65
543.7 182.26
543.783 183.87
543.85 185.48
543.917 187.1
543.983 191.94
544.067 196.77
544.133 200
544.2 200
544.283 200
544.35 200
544.417 203.23
544.5 206.45
544.567 206.45
544.633 204.84
544.7 206.45
544.783 208.06
544.85 208.06
544.917 208.06
545 209.68
545.067 209.68
545.133 211.29
545.217 211.29
545.283 209.68
545.35 208.06
545.433 206.45
545.5 206.45
545.567 204.84
545.633 203.23
545.717 203.23
555 293.55
555.05 291.94
555.117 291.94
555.183 291.94
555.267 291.94
555.333 291.94
555.4 291.94
555.467 290.32
555.55 288.71
555.617 288.71
555.683 288.71
555.767 287.1
555.833 287.1
555.9 288.71
555.983 290.32
556.05 290.32
556.117 287.1
556.2 287.1
556.267 283.87
556.333 279.03
556.4 277.42
556.483 275.81
556.55 274.19
556.617 270.97
556.7 269.35
556.767 267.74
556.833 264.52
556.917 262.9
556.983 259.68
557.05 258.06
557.117 254.84
557.2 253.23
557.267 248.39
557.333 245.16
557.417 243.55
557.483 241.94
557.55 241.94
557.633 238.71
557.7 235.48
557.767 230.65
557.833 229.03
557.917 227.42
557.983 230.65
558.05 232.26
558.133 232.26
558.2 230.65
558.267 233.87
558.35 235.48
558.417 237.1
558.5 233.87
558.567 230.65
558.633 225.81
558.7 222.58
558.783 224.19
558.85 229.03
558.917 237.1
559 245.16
559.067 250
559.133 254.84
559.2 256.45
559.283 258.06
559.35 259.68
559.417 258.06
559.5 251.61
559.567 240.32
559.633 227.42
559.717 211.29
559.783 203.23
559.85 191.94
559.917 180.65
560 169.35
560.067 164.52
560.133 162.9
560.217 161.29
560.283 158.06
560.35 156.45
560.417 153.23
560.5 148.39
560.567 148.39
560.633 150
560.717 150
570 206.45
570.05 211.29
570.117 216.13
570.183 219.35
570.267 220.97
570.333 224.19
570.4 227.42
570.467 227.42
570.55 224.19
570.617 219.35
570.683 217.74
570.767 216.13
570.833 212.9
570.9 208.06
570.983 201.61
571.05 198.39
571.117 195.16
571.2 193.55
571.267 190.32
571.333 191.94
571.4 198.39
571.483 206.45
571.55 214.52
571.617 217.74
571.7 219.35
571.767 219.35
571.833 216.13
571.917 214.52
571.983 209.68
572.05 201.61
572.133 182.26
572.2 156.45
572.267 132.26
572.333 127.42
572.417 143.55
572.483 167.74
572.55 185.48
572.633 191.94
572.7 190.32
572.767 185.48
572.85 183.87
572.917 182.26
572.983 183.87
573.05 185.48
573.133 188.71
573.2 191.94
573.267 196.77
573.35 200
573.417 203.23
573.483 203.23
573.567 195.16
573.633 180.65
573.7 161.29
573.767 143.55
573.85 132.26
573.917 124.19
573.983 119.35
574.067 117.74
574.133 116.13
574.2 117.74
574.283 119.35
574.35 120.97
574.417 124.19
574.5 127.42
574.567 129.03
574.633 129.03
574.717 125.81
574.783 122.58
574.85 119.35
574.917 117.74
575 116.13
575.067 112.9
575.133 111.29
575.217 109.68
575.283 108.06
575.35 108.06
575.433 109.68
575.5 109.68
575.567 109.68
575.633 109.68
575.717 108.06
585 138.71
585.05 138.71
585.117 138.71
585.183 138.71
585.25 137.1
585.333 135.48
585.4 135.48
585.467 135.48
585.55 137.1
585.617 138.71
585.683 140.32
585.767 140.32
585.833 140.32
585.9 138.71
585.983 138.71
586.05 137.1
586.117 135.48
586.183 133.87
586.267 132.26
586.333 130.65
586.4 130.65
586.483 129.03
586.55 129.03
586.617 127.42
586.7 127.42
586.767 127.42
586.833 127.42
586.9 129.03
586.983 129.03
587.05 130.65
587.117 129.03
587.2 129.03
587.267 127.42
587.333 125.81
587.417 125.81
587.483 125.81
587.55 125.81
587.617 125.81
587.7 125.81
587.767 125.81
587.833 124.19
587.917 122.58
587.983 120.97
588.05 119.35
588.133 117.74
588.2 116.13
588.267 114.52
588.333 112.9
588.417 111.29
588.483 111.29
588.55 111.29
588.633 109.68
588.7 109.68
588.767 109.68
588.85 109.68
588.917 109.68
588.983 108.06
589.05 108.06
589.133 106.45
589.2 104.84
589.267 103.23
589.35 100
589.417 98.39
589.483 98.39
589.55 96.77
589.633 96.77
589.7 96.77
589.767 96.77
589.85 98.39
589.917 100
589.983 101.61
590.067 103.23
590.133 103.23
590.2 103.23
590.267 100
590.35 98.39
590.417 96.77
590.483 95.16
590.567 95.16
590.633 93.55
590.7 93.55
600 64.52
600.05 62.9
600.117 62.9
600.183 62.9
600.267 61.29
600.333 61.29
600.4 61.29
600.483 59.68
600.55 59.68
600.617 59.68
600.683 59.68
600.767 58.06
600.833 58.06
600.9 58.06
600.983 58.06
601.05 59.68
601.117 59.68
601.2 59.68
601.267 59.68
601.333 61.29
601.417 61.29
601.483 61.29
601.55 61.29
601.617 61.29
601.7 62.9
601.767 62.9
601.833 62.9
601.917 62.9
601.983 62.9
602.05 62.9
602.133 62.9
602.2 62.9
602.267 64.52
602.333 64.52
602.417 64.52
602.483 64.52
602.55 64.52
602.633 64.52
602.7 66.13
602.767 66.13
602.85 66.13
602.917 67.74
602.983 67.74
603.067 67.74
603.133 67.74
603.2 66.13
603.267 66.13
603.35 66.13
603.417 66.13
603.483 64.52
603.567 64.52
603.633 64.52
603.7 62.9
603.783 62.9
603.85 61.29
603.917 61.29
603.983 59.68
604.067 59.68
604.133 59.68
604.2 59.68
604.283 58.06
604.35 58.06
604.417 58.06
604.5 58.06
604.567 58.06
604.633 58.06
604.7 58.06
604.783 58.06
604.85 58.06
604.917 56.45
605 58.06
605.067 56.45
605.133 56.45
605.217 56.45
605.283 56.45
605.35 56.45
605.433 56.45
605.5 56.45
605.567 54.84
605.633 54.84
605.717 54.84
605.717 54.84
